50 50
# Row 0
0.312216
0.040704
0.246092
0.769420
0.591695
0.367302
0.371160
0.430836
0.867468
0.786378
0.221351
0.299463
0.633934
0.152672
0.819015
0.777984
0.229936
0.274455
0.481676
0.472091
0.128819
0.674848
0.556321
0.240008
0.086430
0.308164
0.508484
0.964609
0.532547
0.333423
0.241928
0.798745
0.723903
0.847692
0.032898
0.913316
0.442726
0.760924
0.729681
0.463303
0.975359
0.393244
0.328184
0.447663
0.870912
0.552241
0.825026
0.883398
0.518097
0.724728
# Row 1
0.462187
0.641691
0.925415
0.033074
0.405385
0.944809
0.610131
0.964652
0.289220
0.827113
0.137198
0.803995
0.365877
0.393354
0.371135
0.666171
0.614178
0.924313
0.760306
0.047721
0.708404
0.386350
0.141034
0.644822
0.271218
0.690714
0.383170
0.619377
0.104832
0.754303
0.282356
0.570317
0.825155
0.560378
0.098250
0.753066
0.433914
0.670614
0.031717
0.913915
0.225820
0.054341
0.294872
0.812715
0.116834
0.373369
0.651334
0.707182
0.023919
0.578147
# Row 2
0.863725
0.891226
0.557662
0.560824
0.183206
0.709603
0.691518
0.791157
0.231406
0.219102
0.632724
0.091002
0.566600
0.005331
0.181100
0.631669
0.179496
0.282271
0.966846
0.655823
0.743781
0.753473
0.104202
0.512507
0.845053
0.268501
0.684586
0.171507
0.649361
0.801656
0.813958
0.163691
0.648035
0.962811
0.431063
0.729516
0.655482
0.139224
0.235466
0.091934
0.146050
0.494483
0.719659
0.086103
0.127986
0.714267
0.503686
0.651138
0.977965
0.401793
# Row 3
0.082815
0.833541
0.238026
0.967787
0.340676
0.273732
0.125280
0.325250
0.077347
0.592445
0.069059
0.548641
0.632264
0.499587
0.693821
0.266172
0.927151
0.792097
0.360928
0.064543
0.848860
0.057439
0.298170
0.754604
0.473859
0.864488
0.940753
0.397195
0.795887
0.403129
0.917402
0.459089
0.149945
0.967836
0.004589
0.063791
0.676433
0.799671
0.783070
0.740513
0.889007
0.676618
0.934338
0.342432
0.601993
0.236034
0.459004
0.403238
0.244344
0.427703
# Row 4
0.261153
0.395618
0.496791
0.224719
0.777404
0.428939
0.499699
0.895945
0.719573
0.423831
0.806939
0.792618
0.706801
0.792069
0.224935
0.887661
0.075894
0.960329
0.547816
0.785291
0.544864
0.550573
0.554652
0.786675
0.559787
0.778606
0.001331
0.941729
0.052674
0.281471
0.449147
0.065182
0.279929
0.525597
0.809305
0.064833
0.276933
0.588139
0.334866
0.880450
0.962422
0.116535
0.300068
0.012240
0.842752
0.844612
0.815414
0.318424
0.715035
0.131490
# Row 5
0.632373
0.162808
0.442017
0.561931
0.594372
0.416590
0.290813
0.938966
0.744111
0.475975
0.090958
0.762578
0.357657
0.700996
0.501342
0.038514
0.152845
0.254366
0.485473
0.531217
0.125810
0.606107
0.012995
0.162202
0.371007
0.244464
0.443829
0.473474
0.505581
0.811218
0.748698
0.003861
0.070683
0.765782
0.993803
0.159198
0.345344
0.223435
0.513317
0.055388
0.161221
0.145931
0.134913
0.752634
0.530346
0.064780
0.262474
0.920984
0.627470
0.857101
# Row 6
0.686309
0.939144
0.041466
0.279749
0.642640
0.653068
0.317282
0.398931
0.916996
0.946614
0.945130
0.269710
0.044602
0.107679
0.863977
0.153364
0.847470
0.929394
0.682201
0.781803
0.432902
0.052578
0.582786
0.149030
0.210460
0.233603
0.880119
0.632554
0.640616
0.777816
0.489865
0.915846
0.063354
0.094852
0.925263
0.830185
0.651834
0.256413
0.558292
0.384946
0.956052
0.132922
0.701452
0.574678
0.633482
0.481888
0.947526
0.094702
0.375309
0.602651
# Row 7
0.225680
0.560888
0.123605
0.469734
0.221130
0.800547
0.910334
0.736268
0.393661
0.987593
0.835010
0.551520
0.502122
0.954419
0.214243
0.669637
0.685418
0.684115
0.991179
0.013178
0.106163
0.419122
0.372108
0.383349
0.475120
0.806214
0.975598
0.833108
0.439823
0.213504
0.728763
0.809323
0.539553
0.624222
0.346167
0.261111
0.854526
0.046323
0.578086
0.754572
0.466061
0.028957
0.943130
0.245732
0.706309
0.889785
0.370451
0.575979
0.923498
0.514694
# Row 8
0.901943
0.265489
0.087384
0.868188
0.256094
0.603450
0.178655
0.563578
0.871774
0.948509
0.567535
0.292755
0.849568
0.153506
0.815838
0.552075
0.635832
0.975495
0.811723
0.760651
0.074093
0.601359
0.348721
0.527669
0.631484
0.152535
0.124817
0.854353
0.824455
0.386757
0.301281
0.462751
0.576118
0.213079
0.815227
0.126947
0.973290
0.017332
0.378572
0.882706
0.518974
0.862582
0.766246
0.739592
0.937924
0.102956
0.548290
0.086495
0.159679
0.814589
# Row 9
0.757253
0.329312
0.623621
0.205523
0.210540
0.530561
0.200955
0.083692
0.886488
0.428433
0.063914
0.820876
0.145882
0.330673
0.836019
0.598624
0.912946
0.031393
0.489901
0.123005
0.600709
0.251382
0.210405
0.277835
0.456974
0.710332
0.877693
0.195424
0.694176
0.999025
0.843480
0.070288
0.777523
0.017768
0.246902
0.350565
0.312385
0.111760
0.546668
0.105785
0.278529
0.782837
0.112889
0.795302
0.793171
0.248931
0.333412
0.021980
0.987756
0.306983
# Row 10
0.531655
0.339140
0.998837
0.222057
0.180149
0.739373
0.998472
0.395663
0.118632
0.061387
0.824331
0.681055
0.268095
0.440885
0.267685
0.624516
0.271254
0.854557
0.794842
0.971847
0.512393
0.279259
0.224199
0.231648
0.580088
0.543498
0.169468
0.315281
0.768171
0.383333
0.355597
0.552068
0.074434
0.843235
0.886553
0.122331
0.092332
0.063403
0.315312
0.965984
0.515661
0.763194
0.761490
0.956851
0.835396
0.726160
0.119290
0.919594
0.425224
0.191504
# Row 11
0.579245
0.384665
0.139475
0.901369
0.686286
0.695145
0.914151
0.300271
0.111518
0.706603
0.626467
0.955247
0.316676
0.256476
0.666934
0.101189
0.632445
0.363089
0.674823
0.519634
0.701747
0.676906
0.625152
0.950609
0.206912
0.619222
0.703723
0.401387
0.708721
0.368243
0.014772
0.054129
0.881993
0.991777
0.310299
0.753043
0.496357
0.572871
0.365957
0.053021
0.924751
0.763406
0.938492
0.583625
0.481793
0.355253
0.085364
0.588277
0.418555
0.844293
# Row 12
0.997458
0.267588
0.301358
0.634903
0.958263
0.332770
0.855272
0.187855
0.992869
0.570250
0.186408
0.639729
0.681471
0.358043
0.842138
0.944591
0.286281
0.849640
0.109798
0.526874
0.157964
0.859401
0.679822
0.546989
0.555707
0.517571
0.649444
0.817565
0.820164
0.201533
0.362106
0.958429
0.894805
0.546816
0.762476
0.723132
0.691287
0.966548
0.497844
0.390303
0.758598
0.796655
0.566823
0.401314
0.242757
0.187339
0.762266
0.894137
0.640400
0.195620
# Row 13
0.786628
0.675097
0.360588
0.231378
0.747428
0.369258
0.447629
0.368163
0.733712
0.770746
0.894768
0.863544
0.500521
0.691615
0.033452
0.121020
0.569393
0.187393
0.333049
0.861312
0.613963
0.865627
0.236695
0.315457
0.119262
0.897397
0.114194
0.181585
0.462650
0.328497
0.084247
0.043121
0.698095
0.694918
0.975603
0.085705
0.071415
0.795192
0.518144
0.696128
0.242930
0.659513
0.516385
0.817645
0.139720
0.322359
0.123829
0.476082
0.549350
0.382258
# Row 14
0.849320
0.400106
0.950767
0.590698
0.856546
0.122091
0.559398
0.813792
0.813782
0.864220
0.248688
0.757897
0.689618
0.154439
0.459061
0.336859
0.726579
0.760796
0.680155
0.617978
0.441353
0.728427
0.809135
0.940330
0.058823
0.114520
0.065698
0.217976
0.776566
0.271996
0.055304
0.177351
0.744273
0.077224
0.591219
0.529150
0.524248
0.441104
0.541625
0.927180
0.048285
0.412363
0.991625
0.247450
0.004634
0.568418
0.586156
0.848442
0.056349
0.600012
# Row 15
0.936216
0.306790
0.016949
0.703745
0.268297
0.810931
0.877336
0.790213
0.119386
0.228666
0.503374
0.548715
0.324482
0.523781
0.598961
0.052198
0.010414
0.002996
0.675257
0.073602
0.952180
0.039706
0.881603
0.368024
0.822550
0.797560
0.564389
0.370742
0.381724
0.808201
0.831505
0.601343
0.024304
0.427235
0.545128
0.346883
0.791330
0.474999
0.455505
0.235542
0.634788
0.179239
0.362462
0.185893
0.512713
0.680741
0.566836
0.020191
0.620163
0.286896
# Row 16
0.596554
0.123597
0.503042
0.698739
0.485165
0.790724
0.939677
0.071976
0.296131
0.968135
0.743544
0.869861
0.253930
0.633509
0.177490
0.534444
0.721025
0.972064
0.565888
0.442003
0.384152
0.256924
0.240408
0.958501
0.748486
0.116540
0.904540
0.602253
0.326290
0.898792
0.301862
0.925081
0.518358
0.603262
0.126617
0.201781
0.970358
0.351516
0.028911
0.973510
0.318980
0.366472
0.400334
0.916655
0.479359
0.718458
0.141721
0.038829
0.548685
0.715141
# Row 17
0.528936
0.362187
0.672280
0.328596
0.523950
0.706299
0.827026
0.794584
0.799114
0.984074
0.990235
0.831222
0.427642
0.270934
0.975357
0.417093
0.671207
0.386541
0.802986
0.868421
0.797690
0.567408
0.638168
0.952787
0.073038
0.125817
0.442967
0.880275
0.378605
0.544493
0.774570
0.394708
0.650107
0.896717
0.890054
0.536255
0.060304
0.598218
0.113598
0.416334
0.571876
0.470759
0.472707
0.005947
0.869797
0.749229
0.937480
0.224978
0.397250
0.706160
# Row 18
0.299760
0.783260
0.122111
0.852371
0.233816
0.281194
0.061891
0.443217
0.392000
0.060495
0.506485
0.160293
0.340588
0.502123
0.265840
0.122990
0.643801
0.712098
0.302812
0.727938
0.697193
0.395853
0.412005
0.522878
0.812506
0.792688
0.498492
0.341026
0.210191
0.684167
0.774353
0.089590
0.706822
0.079902
0.307333
0.879243
0.044241
0.362714
0.759266
0.968156
0.625419
0.599824
0.479790
0.283564
0.356658
0.820439
0.964299
0.975087
0.883050
0.261264
# Row 19
0.837814
0.587239
0.608350
0.594239
0.235664
0.444393
0.953870
0.694853
0.667764
0.791216
0.604327
0.570155
0.079096
0.087135
0.360294
0.143909
0.961272
0.717349
0.343794
0.959004
0.588308
0.748323
0.940598
0.786262
0.006666
0.356495
0.092808
0.172227
0.521069
0.219397
0.539603
0.179692
0.502478
0.643675
0.831763
0.802806
0.275017
0.070184
0.484170
0.618359
0.189787
0.038733
0.375452
0.276467
0.293628
0.801146
0.428866
0.063596
0.981563
0.768489
# Row 20
0.015230
0.379997
0.867338
0.484900
0.287029
0.969640
0.704892
0.095166
0.490799
0.796328
0.385639
0.465383
0.998628
0.763375
0.865907
0.515895
0.463410
0.980179
0.843030
0.613737
0.828648
0.956871
0.297432
0.369413
0.432753
0.193355
0.805032
0.101872
0.738409
0.872493
0.155814
0.928592
0.216607
0.285445
0.100048
0.647829
0.127080
0.742557
0.496078
0.691237
0.695289
0.853489
0.218664
0.711515
0.901799
0.509031
0.573533
0.246620
0.512225
0.743288
# Row 21
0.774053
0.174992
0.402178
0.993444
0.095102
0.791513
0.817465
0.465389
0.405483
0.628461
0.178624
0.233208
0.875135
0.097020
0.942721
0.990370
0.191477
0.501230
0.003769
0.687723
0.738137
0.486295
0.104516
0.560919
0.980009
0.926355
0.782451
0.706169
0.054788
0.173284
0.846292
0.612274
0.040185
0.408334
0.218063
0.118570
0.997848
0.133890
0.950824
0.627968
0.093178
0.075135
0.191718
0.062709
0.460955
0.533536
0.981064
0.774421
0.089756
0.538983
# Row 22
0.815576
0.191711
0.596045
0.618858
0.440524
0.455748
0.067569
0.164795
0.032777
0.220572
0.094056
0.896321
0.783575
0.509295
0.043416
0.850756
0.453857
0.364632
0.658770
0.366826
0.151556
0.622731
0.174052
0.262497
0.843114
0.599000
0.605111
0.562924
0.762325
0.695135
0.353654
0.830458
0.298286
0.825119
0.150883
0.144035
0.338912
0.287388
0.006883
0.719460
0.703052
0.969175
0.764909
0.845119
0.827179
0.011249
0.083557
0.410166
0.474232
0.756767
# Row 23
0.884695
0.645521
0.922893
0.691872
0.164278
0.494017
0.974191
0.409211
0.423225
0.127262
0.605408
0.405110
0.145888
0.776406
0.213860
0.789125
0.747153
0.125839
0.958121
0.038810
0.191511
0.807259
0.632890
0.586362
0.227622
0.941620
0.045139
0.856389
0.501944
0.513858
0.810855
0.980128
0.040139
0.576233
0.509123
0.651365
0.993538
0.697658
0.937056
0.839089
0.621363
0.685859
0.856998
0.473076
0.152223
0.775005
0.746345
0.928466
0.078383
0.202161
# Row 24
0.108243
0.576713
0.174210
0.291092
0.414530
0.781656
0.889972
0.861583
0.594743
0.204856
0.000928
0.417132
0.599318
0.863564
0.439549
0.205080
0.221671
0.043096
0.009086
0.852664
0.411348
0.403898
0.275970
0.962841
0.425640
0.708880
0.926349
0.298064
0.604801
0.810809
0.511008
0.122397
0.399373
0.430613
0.008882
0.936725
0.688156
0.888827
0.431315
0.393501
0.891388
0.153111
0.639143
0.172080
0.973084
0.179694
0.227830
0.229496
0.034707
0.665896
# Row 25
0.280590
0.201512
0.803071
0.620727
0.727088
0.042400
0.210364
0.992373
0.160546
0.877379
0.333277
0.372533
0.146537
0.757736
0.909484
0.200832
0.143299
0.704804
0.269247
0.106398
0.189943
0.395176
0.921963
0.002281
0.002559
0.756521
0.914472
0.261394
0.249142
0.932345
0.950293
0.985487
0.705746
0.747002
0.725458
0.782201
0.084860
0.311691
0.923834
0.106202
0.382122
0.501249
0.327803
0.630921
0.121996
0.084095
0.871833
0.095391
0.362624
0.578038
# Row 26
0.607954
0.929563
0.413731
0.847945
0.202766
0.780398
0.051316
0.863090
0.062670
0.934688
0.403995
0.338685
0.633058
0.923329
0.416690
0.534523
0.061874
0.171599
0.849309
0.751393
0.810031
0.072514
0.575635
0.921148
0.060424
0.962752
0.648657
0.637719
0.881905
0.095813
0.283697
0.423535
0.080518
0.273504
0.874053
0.508570
0.881949
0.518562
0.142333
0.848492
0.978781
0.268050
0.994612
0.095200
0.814395
0.524374
0.987175
0.219462
0.110735
0.219377
# Row 27
0.143400
0.073924
0.756464
0.493562
0.230902
0.368551
0.010256
0.449306
0.289041
0.943436
0.123879
0.251835
0.900112
0.390292
0.612713
0.788124
0.342990
0.658778
0.486502
0.780993
0.727704
0.342908
0.367896
0.638102
0.558577
0.572275
0.966210
0.003730
0.940539
0.419774
0.312473
0.101104
0.059386
0.209308
0.300915
0.396214
0.316779
0.181920
0.801583
0.787766
0.972216
0.415563
0.116636
0.605015
0.678074
0.341841
0.135315
0.864177
0.433811
0.452460
# Row 28
0.813759
0.949003
0.228876
0.019551
0.758207
0.611732
0.690767
0.688738
0.744178
0.672228
0.058448
0.353709
0.058526
0.276794
0.618434
0.638703
0.032718
0.080379
0.680730
0.843839
0.048976
0.269037
0.247360
0.231471
0.479286
0.241261
0.703034
0.824057
0.371615
0.830810
0.304742
0.360526
0.467438
0.758863
0.586608
0.024391
0.137144
0.144603
0.353562
0.959250
0.700550
0.240895
0.990430
0.262694
0.082359
0.471651
0.843526
0.075586
0.888559
0.471325
# Row 29
0.374177
0.928318
0.409451
0.321962
0.275615
0.677813
0.216240
0.972252
0.377108
0.068116
0.456952
0.844511
0.726010
0.213416
0.538219
0.593585
0.986702
0.566024
0.044542
0.596083
0.175339
0.264358
0.766479
0.004333
0.664178
0.119369
0.932517
0.598220
0.445654
0.994589
0.842823
0.475917
0.403624
0.458236
0.341653
0.123951
0.060223
0.469396
0.021799
0.145774
0.167277
0.528610
0.890285
0.969458
0.010174
0.341265
0.928843
0.028608
0.261532
0.165705
# Row 30
0.622846
0.060569
0.237243
0.843201
0.003886
0.403008
0.996641
0.120785
0.027708
0.119942
0.623285
0.507996
0.492453
0.842750
0.407574
0.172958
0.072073
0.778013
0.414934
0.540717
0.104285
0.084958
0.904365
0.456822
0.317789
0.949281
0.305733
0.311731
0.823749
0.131385
0.467337
0.067534
0.124344
0.515227
0.848245
0.008870
0.126847
0.464442
0.405900
0.466752
0.793920
0.356116
0.475111
0.089894
0.036362
0.026197
0.759214
0.206093
0.268296
0.556192
# Row 31
0.170710
0.810156
0.029699
0.656427
0.132807
0.009155
0.648490
0.170228
0.754019
0.765470
0.803238
0.014882
0.137309
0.308802
0.375427
0.284131
0.808475
0.086432
0.292522
0.623310
0.623813
0.923348
0.383568
0.228266
0.526081
0.647982
0.149355
0.554359
0.594893
0.673422
0.919283
0.709415
0.120693
0.416818
0.084910
0.467349
0.011183
0.390715
0.001923
0.315734
0.009365
0.849277
0.102175
0.144984
0.710454
0.950484
0.697888
0.318812
0.660842
0.073598
# Row 32
0.661607
0.420447
0.309455
0.671582
0.476671
0.947919
0.866716
0.443033
0.250598
0.400918
0.268372
0.670969
0.922679
0.343744
0.203471
0.930044
0.660377
0.191392
0.263553
0.534055
0.987830
0.212398
0.622563
0.746873
0.513213
0.901801
0.636237
0.967899
0.787248
0.795211
0.430932
0.524061
0.228322
0.580760
0.963331
0.941212
0.664062
0.145784
0.405700
0.356017
0.666610
0.860903
0.730864
0.183239
0.879156
0.863029
0.424609
0.031562
0.152399
0.523592
# Row 33
0.681554
0.813070
0.817883
0.367372
0.787597
0.807357
0.434556
0.894887
0.655009
0.301523
0.048111
0.527043
0.355186
0.153477
0.419932
0.970042
0.642372
0.929722
0.912627
0.942338
0.735756
0.002875
0.188790
0.430360
0.336846
0.401606
0.593785
0.477976
0.016479
0.170307
0.884901
0.264119
0.677292
0.292055
0.749438
0.697146
0.951656
0.771308
0.562249
0.532360
0.754211
0.567953
0.886555
0.695560
0.097366
0.668117
0.965788
0.930700
0.975712
0.506456
# Row 34
0.612578
0.459821
0.112803
0.196955
0.525472
0.189926
0.575661
0.952860
0.784444
0.281616
0.336354
0.689894
0.550749
0.030961
0.387009
0.009910
0.361327
0.947747
0.788435
0.594550
0.727000
0.343932
0.300369
0.931032
0.459553
0.395728
0.953292
0.316158
0.535916
0.496385
0.981249
0.201901
0.706758
0.275637
0.048395
0.259096
0.148516
0.192310
0.228894
0.537907
0.497251
0.391179
0.002794
0.928743
0.672591
0.101502
0.825529
0.799511
0.161672
0.306343
# Row 35
0.034713
0.369566
0.375537
0.557845
0.846855
0.633135
0.381421
0.498800
0.543868
0.661647
0.649122
0.985522
0.182983
0.982139
0.401969
0.317155
0.015435
0.675380
0.034424
0.353682
0.453534
0.480631
0.729030
0.656380
0.770311
0.792865
0.583241
0.883011
0.591496
0.142231
0.027738
0.704248
0.690210
0.844571
0.196489
0.431709
0.117448
0.686596
0.887307
0.331310
0.496387
0.081108
0.350640
0.473763
0.529139
0.308440
0.962345
0.697928
0.767184
0.602528
# Row 36
0.799993
0.348968
0.290916
0.686908
0.756814
0.434105
0.642315
0.301305
0.425582
0.512042
0.623379
0.557616
0.977811
0.311342
0.080729
0.040244
0.390803
0.837252
0.665657
0.225311
0.953696
0.670459
0.614117
0.482814
0.159303
0.645327
0.611068
0.982026
0.084743
0.995304
0.769533
0.720960
0.732496
0.011047
0.101442
0.513776
0.674370
0.929505
0.722337
0.604233
0.672011
0.082733
0.506269
0.028227
0.775116
0.721889
0.284581
0.464115
0.086693
0.598970
# Row 37
0.709840
0.016479
0.875963
0.555914
0.034170
0.748712
0.784248
0.523258
0.682930
0.273980
0.356175
0.469457
0.246572
0.935511
0.214396
0.733862
0.425086
0.048763
0.635759
0.603503
0.303541
0.973702
0.663403
0.004013
0.829452
0.959625
0.863753
0.331766
0.422283
0.422602
0.399119
0.086693
0.644099
0.632516
0.802945
0.418013
0.873648
0.399002
0.111154
0.578590
0.982165
0.840316
0.293264
0.723816
0.339431
0.423799
0.042589
0.379432
0.767682
0.299369
# Row 38
0.305935
0.146695
0.696513
0.267058
0.667621
0.985723
0.094766
0.175522
0.136677
0.407098
0.309547
0.930715
0.633796
0.562044
0.724950
0.783107
0.728552
0.022377
0.864073
0.979377
0.958010
0.718408
0.850731
0.922206
0.463735
0.306898
0.878408
0.532249
0.142181
0.188767
0.812987
0.792710
0.018359
0.519665
0.295330
0.363001
0.957541
0.153626
0.675737
0.448083
0.035705
0.344298
0.973545
0.719408
0.135734
0.778817
0.433790
0.307432
0.440402
0.730925
# Row 39
0.474102
0.670914
0.100414
0.652828
0.157137
0.331363
0.189941
0.755558
0.268372
0.019784
0.174793
0.196699
0.560529
0.085311
0.139662
0.559710
0.381911
0.070312
0.408625
0.793345
0.327497
0.063390
0.483547
0.621510
0.532455
0.840590
0.282314
0.337253
0.015128
0.326536
0.925493
0.579296
0.020515
0.622628
0.066400
0.140873
0.519250
0.720577
0.334408
0.579635
0.987455
0.149155
0.541402
0.650612
0.889239
0.683058
0.141324
0.653959
0.168652
0.009227
# Row 40
0.116013
0.223189
0.747482
0.922052
0.147883
0.941468
0.938288
0.369793
0.120887
0.292223
0.690605
0.055862
0.732907
0.670681
0.267490
0.506674
0.200804
0.615261
0.827886
0.639410
0.667429
0.688007
0.199015
0.125943
0.279708
0.933078
0.046860
0.871308
0.878396
0.978911
0.579342
0.965475
0.531147
0.295896
0.686918
0.674986
0.537455
0.065750
0.083003
0.706496
0.150914
0.515323
0.048799
0.777936
0.793538
0.386059
0.014160
0.796214
0.499158
0.686098
# Row 41
0.571181
0.875049
0.316669
0.756056
0.976892
0.385206
0.356035
0.488401
0.565138
0.955155
0.575246
0.806370
0.268353
0.216967
0.617936
0.029277
0.113077
0.394336
0.430205
0.840446
0.767891
0.972102
0.750628
0.310870
0.110807
0.475211
0.196858
0.910835
0.170445
0.265931
0.711106
0.023477
0.459743
0.578310
0.798821
0.034535
0.643938
0.225792
0.851763
0.253072
0.100796
0.409848
0.018337
0.375793
0.378121
0.333142
0.528443
0.865769
0.922323
0.279570
# Row 42
0.133432
0.913227
0.036253
0.005579
0.748236
0.785802
0.571603
0.623064
0.424714
0.577891
0.821175
0.215209
0.213369
0.118979
0.852587
0.674804
0.133278
0.099843
0.723827
0.292296
0.544293
0.090122
0.702286
0.441370
0.456042
0.833039
0.534906
0.946970
0.298101
0.060892
0.703938
0.898709
0.075989
0.641827
0.369350
0.456747
0.637643
0.473494
0.717189
0.642956
0.542152
0.527041
0.778484
0.913960
0.152224
0.426093
0.483847
0.061255
0.537845
0.045703
# Row 43
0.006152
0.404688
0.382539
0.727383
0.002328
0.457174
0.705483
0.735529
0.582825
0.999615
0.060475
0.700615
0.054724
0.464735
0.232504
0.693921
0.245639
0.477229
0.938714
0.711470
0.517518
0.515740
0.845275
0.180888
0.122492
0.771113
0.355527
0.379524
0.990278
0.086977
0.206478
0.616256
0.224800
0.235584
0.356953
0.699662
0.836223
0.947068
0.966403
0.623804
0.556176
0.957748
0.281537
0.847626
0.944391
0.647140
0.879643
0.838421
0.563286
0.509056
# Row 44
0.202068
0.273024
0.395202
0.055131
0.466132
0.037097
0.230265
0.725760
0.514259
0.793425
0.739528
0.820503
0.669058
0.780546
0.849606
0.335181
0.264086
0.794814
0.785953
0.274265
0.842076
0.159503
0.390043
0.503516
0.513485
0.316511
0.631729
0.418635
0.184389
0.428171
0.425968
0.670926
0.158396
0.752755
0.170001
0.341326
0.434641
0.277060
0.793059
0.360952
0.133609
0.138520
0.459200
0.601378
0.233191
0.248427
0.491294
0.003847
0.865671
0.503724
# Row 45
0.150059
0.876585
0.067236
0.329735
0.869173
0.197178
0.168087
0.577832
0.631551
0.437021
0.124366
0.074046
0.791948
0.242124
0.512316
0.205993
0.679091
0.814794
0.697534
0.690982
0.321842
0.240160
0.753580
0.198147
0.166691
0.377101
0.008043
0.427863
0.419694
0.512365
0.942246
0.974193
0.839305
0.377811
0.443050
0.217858
0.315144
0.612381
0.809558
0.291122
0.232431
0.462208
0.240189
0.010466
0.486436
0.744095
0.880761
0.542147
0.573117
0.530201
# Row 46
0.594346
0.419365
0.641101
0.966384
0.939141
0.603195
0.899814
0.325225
0.010209
0.323646
0.695243
0.169834
0.741304
0.968737
0.698112
0.109207
0.479112
0.840676
0.511810
0.444107
0.466973
0.966779
0.065209
0.308394
0.719841
0.652310
0.077228
0.119670
0.375891
0.171951
0.788024
0.070512
0.290427
0.010897
0.870927
0.463920
0.539892
0.745958
0.748199
0.260617
0.851602
0.877508
0.413766
0.739229
0.319974
0.326281
0.751789
0.541187
0.242473
0.552026
# Row 47
0.369028
0.089264
0.466198
0.256866
0.222289
0.831404
0.315089
0.843234
0.113631
0.509958
0.332543
0.408614
0.192672
0.621237
0.666984
0.296754
0.397381
0.982793
0.719275
0.572884
0.685478
0.327868
0.509392
0.249652
0.564539
0.700614
0.282232
0.427773
0.879533
0.125145
0.913707
0.512784
0.824664
0.199946
0.281371
0.374822
0.427712
0.451176
0.589928
0.295406
0.228664
0.128882
0.680211
0.122883
0.912229
0.704834
0.168164
0.581302
0.331146
0.325830
# Row 48
0.253308
0.756243
0.702253
0.478863
0.677954
0.541677
0.001632
0.862010
0.410653
0.165690
0.413215
0.045434
0.549995
0.727271
0.484885
0.709338
0.905896
0.144076
0.758010
0.709413
0.001052
0.720631
0.604543
0.735383
0.459552
0.152010
0.827348
0.075276
0.105154
0.649206
0.954452
0.798400
0.598852
0.744690
0.739835
0.235511
0.202865
0.460920
0.028537
0.817928
0.692676
0.917461
0.161946
0.381512
0.555254
0.146068
0.502729
0.830280
0.242981
0.175566
# Row 49
0.413846
0.362385
0.310364
0.152899
0.301448
0.203272
0.983431
0.962621
0.749123
0.272766
0.917326
0.088954
0.656295
0.380812
0.231416
0.192740
0.924780
0.237622
0.096926
0.426198
0.096071
0.755544
0.241421
0.022792
0.362427
0.180232
0.357289
0.335231
0.194955
0.526496
0.015700
0.674167
0.042431
0.508890
0.829511
0.962327
0.949570
0.688740
0.142490
0.067497
0.769830
0.338609
0.890403
0.432769
0.855919
0.623357
0.752478
0.269151
0.604190
0.075948
