50 50 
# Row 0 
0.638210 
0.614954 
0.113567 
0.108544 
0.611019 
0.264898 
0.055077 
0.938299 
0.791982 
0.211925 
0.897178 
0.956464 
0.696592 
0.374025 
0.110721 
0.253370 
0.996454 
0.060514 
0.304437 
0.895527 
0.355258 
0.696258 
0.289446 
0.190249 
0.831664 
0.612949 
0.414600 
0.764024 
0.266355 
0.344205 
0.681810 
0.910375 
0.050154 
0.451818 
0.873341 
0.558616 
0.006487 
0.855639 
0.385942 
0.994877 
0.694503 
0.346451 
0.557283 
0.389956 
0.956787 
0.102797 
0.829404 
0.404182 
0.784068 
0.797300 
# Row 1 
0.165528 
0.937746 
0.662776 
0.219954 
0.217948 
0.156450 
0.202174 
0.234597 
0.035694 
0.568852 
0.526591 
0.555904 
0.754894 
0.373279 
0.263665 
0.038569 
0.088442 
0.884604 
0.888126 
0.424566 
0.334387 
0.334353 
0.197565 
0.330686 
0.567121 
0.097226 
0.134660 
0.474793 
0.127653 
0.707033 
0.440770 
0.048928 
0.158158 
0.300362 
0.467775 
0.829562 
0.853397 
0.172639 
0.206048 
0.164762 
0.152976 
0.394959 
0.351882 
0.755070 
0.551862 
0.258028 
0.261274 
0.025498 
0.543684 
0.159314 
# Row 2 
0.470453 
0.511872 
0.366574 
0.299260 
0.236698 
0.712927 
0.332481 
0.710858 
0.224030 
0.213033 
0.178677 
0.113556 
0.063187 
0.997621 
0.878656 
0.397325 
0.418363 
0.968390 
0.935802 
0.136410 
0.336749 
0.937991 
0.807257 
0.976210 
0.811532 
0.329347 
0.170731 
0.492646 
0.503313 
0.424188 
0.859960 
0.793979 
0.615666 
0.065246 
0.514707 
0.713353 
0.762566 
0.999145 
0.081357 
0.560269 
0.881872 
0.600202 
0.976043 
0.585060 
0.500843 
0.102555 
0.902815 
0.227367 
0.936261 
0.018389 
# Row 3 
0.376762 
0.923176 
0.880412 
0.478281 
0.011281 
0.431550 
0.680439 
0.406114 
0.618329 
0.898637 
0.936121 
0.861694 
0.371835 
0.930380 
0.621634 
0.440639 
0.382076 
0.914843 
0.160300 
0.220641 
0.410480 
0.478867 
0.955574 
0.558516 
0.460779 
0.931421 
0.092890 
0.762246 
0.157627 
0.627449 
0.889559 
0.740364 
0.164897 
0.561981 
0.876199 
0.637439 
0.102910 
0.995994 
0.663616 
0.934304 
0.150296 
0.234953 
0.082286 
0.776126 
0.618421 
0.680619 
0.404429 
0.406931 
0.573867 
0.199786 
# Row 4 
0.375881 
0.568109 
0.070141 
0.583872 
0.029720 
0.858491 
0.699265 
0.185144 
0.736861 
0.168338 
0.156299 
0.623865 
0.910010 
0.968100 
0.947050 
0.071468 
0.033695 
0.049850 
0.586577 
0.974267 
0.890232 
0.145125 
0.911856 
0.027136 
0.712919 
0.053651 
0.947531 
0.714559 
0.575378 
0.654507 
0.053766 
0.175631 
0.249539 
0.592105 
0.487293 
0.528778 
0.492401 
0.956623 
0.611900 
0.010562 
0.789455 
0.850803 
0.596553 
0.381001 
0.854849 
0.056392 
0.785278 
0.456005 
0.107323 
0.803650 
# Row 5 
0.963038 
0.417107 
0.177202 
0.891691 
0.379379 
0.681596 
0.601954 
0.606882 
0.733124 
0.694905 
0.912652 
0.307739 
0.926333 
0.524922 
0.556190 
0.469928 
0.526933 
0.728492 
0.621068 
0.961967 
0.752548 
0.648213 
0.299361 
0.414538 
0.822197 
0.247757 
0.913151 
0.582974 
0.589623 
0.361963 
0.227794 
0.428306 
0.047387 
0.020220 
0.562292 
0.367560 
0.102723 
0.385063 
0.862482 
0.394692 
0.706016 
0.059955 
0.727387 
0.941375 
0.145165 
0.679156 
0.252901 
0.838896 
0.991768 
0.057112 
# Row 6 
0.187902 
0.231630 
0.638775 
0.894358 
0.072104 
0.967382 
0.647994 
0.401618 
0.856714 
0.804366 
0.726660 
0.894155 
0.690596 
0.698600 
0.275366 
0.745894 
0.606764 
0.704175 
0.248350 
0.289186 
0.365120 
0.383423 
0.897885 
0.653999 
0.624332 
0.600831 
0.646837 
0.902796 
0.433392 
0.696040 
0.360160 
0.518367 
0.084726 
0.095168 
0.132856 
0.615659 
0.066929 
0.739522 
0.047796 
0.590380 
0.935472 
0.365620 
0.303833 
0.092428 
0.701502 
0.755022 
0.497950 
0.667264 
0.967551 
0.947215 
# Row 7 
0.443234 
0.480288 
0.738405 
0.949506 
0.698551 
0.705378 
0.157035 
0.326392 
0.410625 
0.287446 
0.489566 
0.864196 
0.262352 
0.388720 
0.467447 
0.207881 
0.373569 
0.299015 
0.625708 
0.394324 
0.205967 
0.471545 
0.917450 
0.763968 
0.629563 
0.568411 
0.579117 
0.040566 
0.764215 
0.535243 
0.738961 
0.911845 
0.419540 
0.234282 
0.451221 
0.223481 
0.526539 
0.652198 
0.877552 
0.681321 
0.944011 
0.156177 
0.980063 
0.524507 
0.194976 
0.333114 
0.920020 
0.033031 
0.758772 
0.136558 
# Row 8 
0.033891 
0.530552 
0.432092 
0.049353 
0.773236 
0.066392 
0.349150 
0.802424 
0.914457 
0.553940 
0.592486 
0.568097 
0.063911 
0.416885 
0.960093 
0.056737 
0.477261 
0.875436 
0.612922 
0.315699 
0.280693 
0.783867 
0.693966 
0.378008 
0.705859 
0.315332 
0.973843 
0.993387 
0.137958 
0.952947 
0.478755 
0.145792 
0.913474 
0.876010 
0.438953 
0.709489 
0.504992 
0.381080 
0.756443 
0.600534 
0.187551 
0.919168 
0.229764 
0.963687 
0.514703 
0.397870 
0.644623 
0.008109 
0.041517 
0.841836 
# Row 9 
0.398448 
0.921285 
0.142798 
0.343190 
0.884018 
0.092551 
0.492889 
0.497556 
0.425014 
0.549333 
0.631359 
0.509053 
0.100382 
0.824904 
0.948010 
0.672575 
0.483801 
0.351432 
0.620001 
0.582805 
0.781300 
0.211782 
0.341086 
0.771615 
0.399444 
0.634361 
0.743314 
0.399030 
0.896790 
0.814120 
0.948799 
0.493771 
0.043945 
0.467201 
0.755045 
0.199183 
0.277104 
0.344801 
0.181695 
0.686314 
0.814151 
0.752429 
0.947476 
0.270791 
0.702002 
0.843223 
0.439645 
0.752649 
0.872902 
0.118469 
# Row 10 
0.748731 
0.792200 
0.152826 
0.605547 
0.811074 
0.960405 
0.037302 
0.664504 
0.901231 
0.944167 
0.831999 
0.261294 
0.994291 
0.746605 
0.554010 
0.940879 
0.551283 
0.866205 
0.364190 
0.130094 
0.324120 
0.649115 
0.514149 
0.932209 
0.912808 
0.833457 
0.059157 
0.266832 
0.198184 
0.807011 
0.329363 
0.225360 
0.907445 
0.108947 
0.238393 
0.409083 
0.514553 
0.067252 
0.515769 
0.990746 
0.328812 
0.286440 
0.405984 
0.377657 
0.956134 
0.611031 
0.013978 
0.882928 
0.630409 
0.580716 
# Row 11 
0.478690 
0.349213 
0.087020 
0.670375 
0.411054 
0.475299 
0.394731 
0.444936 
0.381055 
0.819347 
0.262194 
0.344071 
0.724244 
0.383665 
0.905335 
0.098861 
0.058440 
0.005206 
0.294321 
0.741696 
0.856489 
0.804821 
0.014177 
0.037062 
0.364181 
0.898584 
0.670040 
0.685534 
0.440169 
0.798788 
0.673262 
0.352827 
0.336653 
0.173651 
0.863013 
0.982356 
0.548253 
0.277111 
0.082656 
0.761353 
0.097837 
0.677843 
0.952134 
0.840542 
0.670950 
0.324719 
0.396184 
0.534894 
0.977058 
0.290132 
# Row 12 
0.320699 
0.352745 
0.431154 
0.179091 
0.321637 
0.172895 
0.491883 
0.517807 
0.685945 
0.090260 
0.743425 
0.918039 
0.754060 
0.521744 
0.502738 
0.321038 
0.088261 
0.762510 
0.508957 
0.666186 
0.788716 
0.231623 
0.198617 
0.303936 
0.755519 
0.583508 
0.482899 
0.920272 
0.074569 
0.892036 
0.568349 
0.591481 
0.950329 
0.456921 
0.650617 
0.414715 
0.489642 
0.922957 
0.665171 
0.423578 
0.006676 
0.342289 
0.305918 
0.801362 
0.546358 
0.315129 
0.281966 
0.740710 
0.767275 
0.197232 
# Row 13 
0.036954 
0.301198 
0.767990 
0.610907 
0.620310 
0.810033 
0.544109 
0.703904 
0.994479 
0.400781 
0.516588 
0.096124 
0.158576 
0.246432 
0.541994 
0.582716 
0.142299 
0.612485 
0.398273 
0.033832 
0.202631 
0.619989 
0.408671 
0.672314 
0.671246 
0.295161 
0.423547 
0.912362 
0.537259 
0.209452 
0.204767 
0.112014 
0.395651 
0.540615 
0.558254 
0.102980 
0.187234 
0.360719 
0.623139 
0.901394 
0.745279 
0.171354 
0.165118 
0.026559 
0.544084 
0.340032 
0.729484 
0.831455 
0.915862 
0.966312 
# Row 14 
0.106260 
0.913991 
0.017849 
0.533450 
0.844715 
0.282736 
0.847810 
0.333839 
0.953877 
0.511709 
0.932752 
0.337380 
0.444511 
0.668014 
0.965393 
0.785015 
0.839264 
0.631500 
0.601499 
0.109320 
0.112572 
0.360671 
0.027610 
0.725362 
0.959609 
0.272929 
0.385012 
0.103667 
0.651477 
0.794557 
0.017171 
0.279368 
0.657526 
0.157011 
0.072689 
0.404316 
0.428708 
0.047148 
0.725466 
0.089734 
0.290015 
0.901398 
0.102894 
0.483991 
0.915259 
0.625022 
0.579068 
0.292054 
0.811570 
0.740185 
# Row 15 
0.984176 
0.169608 
0.160388 
0.359144 
0.297299 
0.155691 
0.110404 
0.645537 
0.774778 
0.473684 
0.638464 
0.287212 
0.170543 
0.202891 
0.657274 
0.943708 
0.631351 
0.963680 
0.502475 
0.151242 
0.105466 
0.970704 
0.953133 
0.034602 
0.247329 
0.084366 
0.783668 
0.670836 
0.095984 
0.964099 
0.594865 
0.621895 
0.467244 
0.122670 
0.487903 
0.066049 
0.447765 
0.763669 
0.517596 
0.939834 
0.485349 
0.310172 
0.856702 
0.398463 
0.909260 
0.697635 
0.117593 
0.823175 
0.815214 
0.895315 
# Row 16 
0.284597 
0.175108 
0.843678 
0.965373 
0.511526 
0.108326 
0.651550 
0.885527 
0.514272 
0.317048 
0.714039 
0.608509 
0.145860 
0.776626 
0.336323 
0.558927 
0.767114 
0.032950 
0.447384 
0.265633 
0.334408 
0.454764 
0.388296 
0.775903 
0.409189 
0.357683 
0.694384 
0.217987 
0.072603 
0.372718 
0.958454 
0.582776 
0.601275 
0.116953 
0.607081 
0.836034 
0.653765 
0.646199 
0.633347 
0.592951 
0.136480 
0.861228 
0.520167 
0.170578 
0.195691 
0.798401 
0.224184 
0.155320 
0.330088 
0.875661 
# Row 17 
0.840127 
0.097158 
0.175116 
0.765006 
0.551621 
0.375416 
0.393686 
0.717476 
0.521836 
0.118733 
0.463131 
0.236715 
0.264449 
0.641657 
0.199228 
0.858216 
0.743555 
0.659208 
0.156377 
0.085179 
0.415025 
0.427242 
0.718602 
0.915523 
0.779057 
0.439131 
0.706862 
0.791072 
0.855043 
0.787637 
0.710368 
0.647565 
0.609481 
0.314949 
0.467490 
0.247133 
0.512372 
0.154275 
0.417758 
0.352971 
0.517767 
0.784487 
0.790913 
0.044361 
0.262961 
0.737004 
0.140623 
0.570092 
0.764935 
0.213855 
# Row 18 
0.246059 
0.366155 
0.421415 
0.090963 
0.548914 
0.001656 
0.460171 
0.724775 
0.349714 
0.913034 
0.839638 
0.178010 
0.516419 
0.404340 
0.905653 
0.596378 
0.449777 
0.859669 
0.225041 
0.558471 
0.070853 
0.777525 
0.022207 
0.981769 
0.042332 
0.706337 
0.568102 
0.185883 
0.780031 
0.561465 
0.943359 
0.717245 
0.856422 
0.028465 
0.503650 
0.645610 
0.523749 
0.712336 
0.503026 
0.010814 
0.498427 
0.550832 
0.021079 
0.577562 
0.137104 
0.460096 
0.136058 
0.836684 
0.312209 
0.677055 
# Row 19 
0.185737 
0.453982 
0.853405 
0.274836 
0.660993 
0.933740 
0.381688 
0.590372 
0.437079 
0.845111 
0.823419 
0.068243 
0.520894 
0.408489 
0.279268 
0.308309 
0.588739 
0.798760 
0.242618 
0.939066 
0.320769 
0.076807 
0.246555 
0.621686 
0.871491 
0.984208 
0.779188 
0.834914 
0.919079 
0.843829 
0.983045 
0.677521 
0.232143 
0.806495 
0.062978 
0.347459 
0.905981 
0.617604 
0.113990 
0.075722 
0.629725 
0.784130 
0.969171 
0.484103 
0.032442 
0.479713 
0.710393 
0.741079 
0.254913 
0.101366 
# Row 20 
0.310366 
0.666371 
0.042027 
0.094798 
0.942088 
0.504919 
0.439429 
0.395619 
0.336876 
0.393792 
0.401120 
0.631006 
0.059143 
0.284868 
0.519256 
0.521277 
0.137434 
0.981729 
0.623539 
0.784649 
0.417298 
0.986546 
0.068805 
0.243055 
0.631143 
0.532639 
0.241927 
0.854908 
0.189931 
0.767591 
0.732753 
0.555205 
0.346359 
0.832418 
0.991039 
0.198187 
0.742052 
0.102286 
0.348076 
0.597334 
0.593381 
0.176998 
0.436930 
0.806809 
0.381065 
0.164146 
0.170905 
0.943207 
0.955135 
0.229091 
# Row 21 
0.111318 
0.202961 
0.344571 
0.404194 
0.801106 
0.375858 
0.243744 
0.880923 
0.191764 
0.316415 
0.437218 
0.844220 
0.832101 
0.130491 
0.200700 
0.756049 
0.906071 
0.523271 
0.686632 
0.527217 
0.344230 
0.986039 
0.254526 
0.421830 
0.133215 
0.563056 
0.752712 
0.771254 
0.107056 
0.516962 
0.592173 
0.603836 
0.123312 
0.622781 
0.595073 
0.358400 
0.759310 
0.278730 
0.649055 
0.694458 
0.865608 
0.479085 
0.080196 
0.556945 
0.294751 
0.693638 
0.877477 
0.630225 
0.396114 
0.223428 
# Row 22 
0.792832 
0.922963 
0.898057 
0.927989 
0.314373 
0.775782 
0.255526 
0.760269 
0.305485 
0.156428 
0.546889 
0.107360 
0.036638 
0.797239 
0.383190 
0.964525 
0.555285 
0.897381 
0.824643 
0.803577 
0.065973 
0.633555 
0.964389 
0.112082 
0.779343 
0.239301 
0.072924 
0.845182 
0.665041 
0.581863 
0.135858 
0.955969 
0.667667 
0.909644 
0.353641 
0.152599 
0.252886 
0.201111 
0.998436 
0.610807 
0.006993 
0.521651 
0.687666 
0.479862 
0.359912 
0.208112 
0.085915 
0.229462 
0.109370 
0.036840 
# Row 23 
0.690316 
0.656693 
0.141390 
0.791102 
0.295623 
0.308348 
0.746138 
0.594234 
0.033520 
0.167857 
0.973323 
0.798095 
0.298951 
0.341640 
0.140881 
0.160214 
0.130308 
0.681181 
0.565626 
0.070820 
0.618990 
0.459663 
0.814270 
0.031963 
0.059371 
0.441223 
0.844993 
0.789756 
0.887641 
0.633041 
0.719155 
0.087879 
0.025732 
0.282572 
0.583403 
0.071751 
0.276004 
0.001724 
0.156052 
0.819867 
0.588154 
0.384832 
0.378166 
0.218920 
0.729537 
0.896781 
0.417198 
0.605316 
0.474727 
0.790844 
# Row 24 
0.125473 
0.956040 
0.433438 
0.162908 
0.971546 
0.380671 
0.055141 
0.140307 
0.571854 
0.713323 
0.883896 
0.460882 
0.273647 
0.863820 
0.441487 
0.032890 
0.876553 
0.512497 
0.047283 
0.331726 
0.956079 
0.739162 
0.748974 
0.928095 
0.372709 
0.296270 
0.352079 
0.938138 
0.248111 
0.767063 
0.263802 
0.513550 
0.876384 
0.604819 
0.677256 
0.563799 
0.952528 
0.608479 
0.137472 
0.029054 
0.959834 
0.347581 
0.076041 
0.147420 
0.208087 
0.265920 
0.755146 
0.120631 
0.579097 
0.044677 
# Row 25 
0.705420 
0.355979 
0.566788 
0.433506 
0.110255 
0.417004 
0.325784 
0.319480 
0.319459 
0.960344 
0.623191 
0.721709 
0.358338 
0.170318 
0.359179 
0.612322 
0.728439 
0.566538 
0.547231 
0.676509 
0.220203 
0.983604 
0.767057 
0.055087 
0.826012 
0.077199 
0.392527 
0.748012 
0.057805 
0.859382 
0.702311 
0.197371 
0.143026 
0.610305 
0.978913 
0.880182 
0.255785 
0.546990 
0.147353 
0.807162 
0.399362 
0.986037 
0.480936 
0.191231 
0.007490 
0.440598 
0.569363 
0.282429 
0.194080 
0.307691 
# Row 26 
0.593326 
0.293244 
0.726294 
0.085577 
0.046880 
0.304768 
0.799347 
0.608838 
0.289943 
0.160031 
0.081424 
0.687772 
0.671827 
0.242202 
0.005079 
0.016469 
0.744472 
0.093765 
0.092017 
0.888412 
0.160980 
0.465492 
0.098939 
0.388652 
0.939148 
0.263825 
0.803995 
0.466788 
0.646972 
0.180749 
0.360231 
0.925259 
0.852029 
0.495361 
0.821369 
0.563512 
0.561380 
0.600906 
0.896485 
0.821634 
0.883875 
0.470466 
0.366956 
0.479075 
0.370994 
0.279553 
0.257928 
0.637580 
0.362418 
0.271413 
# Row 27 
0.607019 
0.095573 
0.683321 
0.212894 
0.027756 
0.687858 
0.544838 
0.243294 
0.690184 
0.493914 
0.898455 
0.879032 
0.505042 
0.425411 
0.528514 
0.482483 
0.323053 
0.394459 
0.151868 
0.728530 
0.672358 
0.484838 
0.875608 
0.867701 
0.733245 
0.635968 
0.766278 
0.766183 
0.871569 
0.781148 
0.558822 
0.442065 
0.555188 
0.025892 
0.810663 
0.771138 
0.999014 
0.817654 
0.043673 
0.127357 
0.514773 
0.544468 
0.650589 
0.390990 
0.575185 
0.146867 
0.936863 
0.205834 
0.786083 
0.065726 
# Row 28 
0.566430 
0.815213 
0.744256 
0.749577 
0.650867 
0.740275 
0.546712 
0.470442 
0.614687 
0.984255 
0.115213 
0.949802 
0.961584 
0.119553 
0.567764 
0.269232 
0.912476 
0.322840 
0.369065 
0.367126 
0.168939 
0.214851 
0.640441 
0.628397 
0.436417 
0.799528 
0.725557 
0.322942 
0.809543 
0.210792 
0.263207 
0.996787 
0.244507 
0.709278 
0.687976 
0.063434 
0.516063 
0.036044 
0.291820 
0.368873 
0.753233 
0.951761 
0.966125 
0.139655 
0.669678 
0.459611 
0.189107 
0.587382 
0.332011 
0.735369 
# Row 29 
0.115197 
0.293854 
0.950048 
0.341852 
0.102183 
0.988252 
0.013229 
0.575375 
0.222263 
0.241243 
0.751418 
0.233364 
0.241855 
0.121345 
0.558504 
0.174408 
0.922251 
0.807689 
0.704055 
0.500242 
0.942316 
0.242250 
0.470422 
0.274365 
0.131754 
0.986335 
0.216930 
0.420795 
0.338768 
0.763698 
0.793920 
0.851161 
0.151703 
0.609976 
0.040571 
0.246688 
0.816446 
0.879490 
0.712566 
0.087128 
0.208884 
0.501025 
0.338286 
0.050552 
0.256597 
0.129545 
0.012422 
0.400660 
0.081463 
0.157208 
# Row 30 
0.649452 
0.292464 
0.633267 
0.761553 
0.459776 
0.438644 
0.185137 
0.258664 
0.430319 
0.429309 
0.699336 
0.362898 
0.018914 
0.344442 
0.384237 
0.540915 
0.565799 
0.563873 
0.341051 
0.385935 
0.622254 
0.802692 
0.836022 
0.868203 
0.359958 
0.084631 
0.677385 
0.870354 
0.897538 
0.331894 
0.376632 
0.663000 
0.033444 
0.482539 
0.133860 
0.878292 
0.855383 
0.046735 
0.313587 
0.200003 
0.682823 
0.047738 
0.530068 
0.901017 
0.045443 
0.644349 
0.002446 
0.656751 
0.989845 
0.946938 
# Row 31 
0.685892 
0.770398 
0.100479 
0.682141 
0.254132 
0.228016 
0.707857 
0.261340 
0.173569 
0.414087 
0.905096 
0.309597 
0.444694 
0.057416 
0.098158 
0.925319 
0.620999 
0.130206 
0.849485 
0.492398 
0.180663 
0.217240 
0.040782 
0.147682 
0.406296 
0.925511 
0.758420 
0.424465 
0.510880 
0.476261 
0.502266 
0.820168 
0.674410 
0.860442 
0.121880 
0.261971 
0.969625 
0.135353 
0.407154 
0.621966 
0.353703 
0.275099 
0.196049 
0.533121 
0.186055 
0.782015 
0.730558 
0.014373 
0.253672 
0.232108 
# Row 32 
0.392091 
0.578469 
0.401418 
0.417446 
0.805803 
0.086304 
0.384623 
0.505527 
0.124965 
0.158759 
0.998194 
0.043605 
0.424225 
0.259251 
0.355866 
0.969321 
0.955685 
0.930766 
0.064266 
0.462733 
0.293435 
0.189348 
0.081119 
0.294620 
0.427817 
0.836325 
0.090423 
0.738085 
0.815865 
0.814583 
0.048106 
0.451895 
0.472625 
0.575737 
0.130933 
0.492183 
0.951186 
0.386778 
0.093895 
0.632322 
0.637184 
0.243931 
0.144620 
0.977677 
0.134177 
0.500828 
0.968373 
0.852055 
0.675872 
0.896272 
# Row 33 
0.777843 
0.645939 
0.833897 
0.587774 
0.965299 
0.683763 
0.238083 
0.280623 
0.550932 
0.759813 
0.360514 
0.073653 
0.553698 
0.271711 
0.483605 
0.223213 
0.266127 
0.449467 
0.952896 
0.422649 
0.251951 
0.029837 
0.461983 
0.188157 
0.467728 
0.494104 
0.013094 
0.580954 
0.952731 
0.196679 
0.003361 
0.343875 
0.954120 
0.027311 
0.593079 
0.916796 
0.529015 
0.726674 
0.685624 
0.064435 
0.666535 
0.310120 
0.884638 
0.612514 
0.829734 
0.834268 
0.166348 
0.169813 
0.760855 
0.693388 
# Row 34 
0.515050 
0.606092 
0.108164 
0.875438 
0.797908 
0.366257 
0.306464 
0.899910 
0.909215 
0.602457 
0.517022 
0.150637 
0.980241 
0.286480 
0.850072 
0.796697 
0.843121 
0.378941 
0.551256 
0.643845 
0.148160 
0.249055 
0.032686 
0.899147 
0.584088 
0.594650 
0.222882 
0.674320 
0.638716 
0.357444 
0.554280 
0.951387 
0.689944 
0.580082 
0.311756 
0.930800 
0.939017 
0.841251 
0.043468 
0.060827 
0.622328 
0.131216 
0.252008 
0.382337 
0.976026 
0.605808 
0.808401 
0.030052 
0.818554 
0.161341 
# Row 35 
0.085937 
0.115582 
0.177252 
0.800909 
0.020304 
0.725401 
0.761983 
0.174313 
0.445473 
0.235293 
0.004883 
0.845500 
0.612529 
0.549189 
0.892612 
0.914472 
0.705892 
0.582955 
0.545789 
0.752329 
0.065682 
0.341272 
0.907588 
0.221331 
0.297288 
0.177861 
0.525940 
0.785087 
0.293333 
0.325706 
0.115624 
0.071252 
0.656383 
0.965631 
0.810215 
0.450236 
0.043010 
0.039551 
0.029788 
0.023663 
0.454555 
0.671078 
0.047142 
0.576759 
0.583634 
0.533394 
0.309914 
0.805973 
0.547565 
0.295492 
# Row 36 
0.623053 
0.769233 
0.963229 
0.516971 
0.498862 
0.569213 
0.558259 
0.072832 
0.501239 
0.833158 
0.789696 
0.538276 
0.736146 
0.425498 
0.125606 
0.504957 
0.839077 
0.866162 
0.312655 
0.730887 
0.777927 
0.238793 
0.631737 
0.432974 
0.499736 
0.584690 
0.565749 
0.141719 
0.204154 
0.282040 
0.653251 
0.969923 
0.704963 
0.113033 
0.466574 
0.160243 
0.651604 
0.296566 
0.473836 
0.519436 
0.111558 
0.899985 
0.065282 
0.110241 
0.275887 
0.693804 
0.742347 
0.035679 
0.536552 
0.648186 
# Row 37 
0.583122 
0.636433 
0.415925 
0.124683 
0.763809 
0.141786 
0.404724 
0.142165 
0.488648 
0.120899 
0.611229 
0.408670 
0.970358 
0.717188 
0.746990 
0.643320 
0.621979 
0.997947 
0.705266 
0.862290 
0.834971 
0.088602 
0.239294 
0.083565 
0.296484 
0.501173 
0.757486 
0.396050 
0.862918 
0.015166 
0.339062 
0.634076 
0.382417 
0.072716 
0.882082 
0.359040 
0.324147 
0.245087 
0.049881 
0.351577 
0.608512 
0.392251 
0.933316 
0.002100 
0.074439 
0.539335 
0.224955 
0.511800 
0.705221 
0.742069 
# Row 38 
0.165236 
0.603279 
0.153945 
0.707334 
0.606015 
0.928256 
0.557221 
0.214621 
0.607896 
0.753419 
0.848807 
0.380286 
0.986778 
0.024164 
0.233028 
0.090187 
0.922681 
0.035057 
0.554890 
0.959627 
0.988621 
0.676365 
0.615986 
0.564881 
0.926081 
0.344414 
0.092204 
0.421339 
0.941086 
0.882292 
0.373602 
0.892985 
0.804309 
0.404128 
0.084438 
0.431208 
0.270911 
0.114499 
0.171139 
0.922656 
0.280369 
0.593463 
0.640078 
0.531809 
0.620700 
0.822048 
0.360583 
0.950309 
0.640718 
0.083077 
# Row 39 
0.849913 
0.998903 
0.641960 
0.913947 
0.857528 
0.796559 
0.580424 
0.403057 
0.550303 
0.333093 
0.037116 
0.217141 
0.556242 
0.015365 
0.283693 
0.995753 
0.392392 
0.252014 
0.961259 
0.839958 
0.427099 
0.188066 
0.020960 
0.009061 
0.504546 
0.478972 
0.336760 
0.091708 
0.390773 
0.325287 
0.814179 
0.571153 
0.938570 
0.585889 
0.982505 
0.110053 
0.170030 
0.502243 
0.398754 
0.054253 
0.649891 
0.641546 
0.714400 
0.630027 
0.582647 
0.986738 
0.793535 
0.382906 
0.977642 
0.440565 
# Row 40 
0.734937 
0.392053 
0.157941 
0.284211 
0.279574 
0.271300 
0.462731 
0.644195 
0.696964 
0.531019 
0.534568 
0.720468 
0.483832 
0.384530 
0.370221 
0.250912 
0.800475 
0.914470 
0.828727 
0.410264 
0.565801 
0.810329 
0.466978 
0.432994 
0.161075 
0.805189 
0.049560 
0.718717 
0.212994 
0.900604 
0.446338 
0.924653 
0.474958 
0.411915 
0.682529 
0.612540 
0.265534 
0.496246 
0.888604 
0.827955 
0.697562 
0.861676 
0.761706 
0.619388 
0.310559 
0.784020 
0.799541 
0.914696 
0.051755 
0.878194 
# Row 41 
0.108384 
0.466163 
0.513946 
0.550952 
0.578559 
0.245540 
0.186242 
0.983048 
0.926094 
0.850877 
0.289830 
0.399464 
0.734140 
0.202167 
0.716038 
0.349731 
0.611083 
0.217749 
0.147686 
0.565634 
0.786097 
0.833818 
0.694247 
0.535521 
0.462468 
0.851481 
0.202219 
0.343291 
0.572610 
0.756553 
0.787983 
0.191984 
0.957765 
0.084188 
0.383096 
0.758261 
0.614521 
0.711697 
0.061183 
0.512239 
0.397149 
0.917285 
0.339536 
0.059941 
0.280204 
0.289367 
0.303199 
0.611509 
0.013786 
0.900612 
# Row 42 
0.399036 
0.801459 
0.241411 
0.253624 
0.784393 
0.257282 
0.097733 
0.682435 
0.710039 
0.765058 
0.113787 
0.367735 
0.168657 
0.366324 
0.287384 
0.246446 
0.875084 
0.755914 
0.235336 
0.611157 
0.067614 
0.468054 
0.945106 
0.485698 
0.963993 
0.335471 
0.251941 
0.204312 
0.382396 
0.897238 
0.452678 
0.428457 
0.785913 
0.894467 
0.551098 
0.912832 
0.146311 
0.823711 
0.337314 
0.127221 
0.694541 
0.076182 
0.613359 
0.689940 
0.055293 
0.352790 
0.370534 
0.949706 
0.002600 
0.452039 
# Row 43 
0.035537 
0.833709 
0.252957 
0.837282 
0.169802 
0.769401 
0.289662 
0.524530 
0.320561 
0.485443 
0.223183 
0.230464 
0.376823 
0.343302 
0.501670 
0.586567 
0.525921 
0.476019 
0.835552 
0.779136 
0.186575 
0.985758 
0.760994 
0.701677 
0.515976 
0.238977 
0.687594 
0.606829 
0.857604 
0.499872 
0.232652 
0.086088 
0.872966 
0.752316 
0.892658 
0.769464 
0.846791 
0.211721 
0.225306 
0.471585 
0.487396 
0.245330 
0.373403 
0.179265 
0.380768 
0.867650 
0.944910 
0.607135 
0.470501 
0.712533 
# Row 44 
0.538230 
0.387413 
0.601332 
0.101250 
0.964402 
0.917619 
0.309867 
0.113587 
0.941663 
0.591935 
0.903669 
0.154095 
0.524565 
0.479603 
0.123817 
0.506353 
0.159525 
0.394548 
0.723881 
0.543174 
0.239236 
0.896962 
0.461009 
0.259563 
0.645916 
0.768639 
0.826274 
0.407934 
0.642247 
0.363234 
0.338742 
0.922307 
0.781376 
0.420286 
0.091030 
0.341173 
0.284021 
0.182965 
0.116835 
0.289412 
0.670243 
0.225240 
0.909367 
0.610553 
0.762503 
0.290885 
0.363446 
0.694992 
0.500101 
0.706955 
# Row 45 
0.555957 
0.811293 
0.156104 
0.855618 
0.085075 
0.590811 
0.437355 
0.584286 
0.327332 
0.155624 
0.815598 
0.883732 
0.565040 
0.021828 
0.100336 
0.262155 
0.810204 
0.800918 
0.367410 
0.850277 
0.583038 
0.698136 
0.624990 
0.764505 
0.375055 
0.845886 
0.082528 
0.773566 
0.972972 
0.980751 
0.218072 
0.016047 
0.878079 
0.883089 
0.473210 
0.824815 
0.317058 
0.248030 
0.878911 
0.567815 
0.598463 
0.285987 
0.094002 
0.517334 
0.071271 
0.790258 
0.663181 
0.831251 
0.638224 
0.730090 
# Row 46 
0.044011 
0.755350 
0.570541 
0.591768 
0.460773 
0.636521 
0.368248 
0.800281 
0.594186 
0.539094 
0.171656 
0.103195 
0.764700 
0.463002 
0.016870 
0.920189 
0.696350 
0.920703 
0.257652 
0.380829 
0.319152 
0.003338 
0.166293 
0.254505 
0.869981 
0.884517 
0.949557 
0.775717 
0.852167 
0.817210 
0.747319 
0.681466 
0.108257 
0.185751 
0.149663 
0.692085 
0.322010 
0.706914 
0.104336 
0.410220 
0.996629 
0.823120 
0.975061 
0.802797 
0.236288 
0.104100 
0.840176 
0.326611 
0.195194 
0.743815 
# Row 47 
0.731016 
0.508995 
0.638877 
0.195486 
0.444413 
0.690947 
0.800417 
0.583366 
0.320825 
0.361721 
0.302210 
0.735066 
0.158876 
0.382608 
0.872220 
0.728261 
0.392096 
0.625239 
0.511036 
0.491357 
0.140587 
0.488880 
0.589263 
0.755793 
0.578993 
0.154949 
0.578684 
0.060412 
0.745015 
0.669212 
0.078196 
0.353455 
0.915786 
0.287170 
0.897990 
0.338818 
0.671523 
0.391101 
0.951972 
0.149329 
0.869130 
0.493770 
0.896407 
0.295634 
0.788036 
0.830128 
0.987781 
0.495225 
0.464804 
0.141509 
# Row 48 
0.738492 
0.808191 
0.683423 
0.954193 
0.176932 
0.135957 
0.669226 
0.814136 
0.998807 
0.233889 
0.383799 
0.070783 
0.587029 
0.871005 
0.526867 
0.304685 
0.814418 
0.078646 
0.212852 
0.906159 
0.091038 
0.768866 
0.551777 
0.566102 
0.218576 
0.592317 
0.476551 
0.106619 
0.038339 
0.229801 
0.524714 
0.620217 
0.455764 
0.372444 
0.508992 
0.904558 
0.369630 
0.209264 
0.157003 
0.668263 
0.083207 
0.089871 
0.628848 
0.575799 
0.510562 
0.212134 
0.048009 
0.420556 
0.575054 
0.263264 
# Row 49 
0.724859 
0.229757 
0.618211 
0.247007 
0.985208 
0.968598 
0.962836 
0.604305 
0.513941 
0.420232 
0.400042 
0.790131 
0.914173 
0.359794 
0.769433 
0.831270 
0.997001 
0.042212 
0.776745 
0.950181 
0.840326 
0.403137 
0.123660 
0.005987 
0.275176 
0.988832 
0.118356 
0.447908 
0.515159 
0.133627 
0.478729 
0.387579 
0.683221 
0.082677 
0.647303 
0.728823 
0.006685 
0.793841 
0.800212 
0.516184 
0.146919 
0.866912 
0.872561 
0.512401 
0.157203 
0.153010 
0.437768 
0.740779 
0.777850 
0.944258 
